0.0498 0.9502
0.0000 1.0000
0.4505 0.5495
0.0000 1.0000
0.2194 0.7806
0.1618 0.8382
0.0011 0.9989
0.1744 0.8256
0.0559 0.9441
0.8700 0.1300
0.0188 0.9812
0.1119 0.8881
0.6902 0.3098
0.2684 0.7316
0.0244 0.9756
0.0096 0.9904
0.0008 0.9992
0.0300 0.9700
0.0000 1.0000
0.0000 1.0000
0.6983 0.3017
0.8374 0.1626
0.0864 0.9136
0.0524 0.9476
0.6939 0.3061
0.0148 0.9852
0.0699 0.9301
0.0012 0.9988
0.0000 1.0000
0.0057 0.9943
0.0212 0.9788
0.0340 0.9660
0.2684 0.7316
0.2893 0.7107
0.0435 0.9565
0.1744 0.8256
0.7366 0.2634
0.0011 0.9989
0.1119 0.8881
0.8357 0.1643
0.5334 0.4666
0.2194 0.7806
0.2621 0.7379
0.0044 0.9956
0.0891 0.9109
0.0940 0.9060
0.7157 0.2843
0.0329 0.9671
0.3578 0.6422
0.0000 1.0000
0.1304 0.8696
0.0658 0.9342
0.8712 0.1288
0.6669 0.3331
0.0429 0.9571
0.8677 0.1323
0.9166 0.0834
0.9652 0.0348
0.9491 0.0509
0.9233 0.0767
0.9298 0.0702
0.9977 0.0023
0.7641 0.2359
0.9383 0.0617
0.8068 0.1932
0.9080 0.0920
0.8293 0.1707
0.9930 0.0070
0.9021 0.0979
0.9142 0.0858
0.8848 0.1152
0.9934 0.0066
0.9463 0.0537
0.9570 0.0430
0.9342 0.0658
0.8759 0.1241
0.7389 0.2611
0.9062 0.0938
0.8582 0.1418
0.7811 0.2189
0.6613 0.3387
0.8675 0.1325
0.9520 0.0480
0.9928 0.0072
0.8980 0.1020
0.9994 0.0006
0.9174 0.0826
0.9491 0.0509
0.8222 0.1778
0.8770 0.1230
0.9140 0.0860
0.9474 0.0526
0.8653 0.1347
0.9091 0.0909
0.9980 0.0020
0.9331 0.0669
0.9862 0.0138
0.9269 0.0731
0.9175 0.0825
0.8072 0.1928
0.9280 0.0720
0.8443 0.1557
0.9176 0.0824
0.9531 0.0469
0.9715 0.0285
0.8565 0.1435
0.9838 0.0162
0.8544 0.1456
0.9437 0.0563
0.8031 0.1969
0.9166 0.0834
0.9262 0.0738
0.9094 0.0906
0.9859 0.0141
1.0000 0.0000
0.9190 0.0810
0.9724 0.0276
0.9998 0.0002
0.8482 0.1518
0.9269 0.0731
0.9919 0.0081
0.6553 0.3447
0.9862 0.0138
1.0000 0.0000
0.9870 0.0130
0.6885 0.3115
0.9969 0.0031
0.7685 0.2315
0.9990 0.0010
0.5906 0.4094
0.9817 0.0183
0.8758 0.1242
0.8459 0.1541
0.8846 0.1154
0.8936 0.1064
0.9787 0.0213
0.9984 0.0016
0.7398 0.2602
0.9490 0.0510
0.8963 0.1037
0.8681 0.1319
0.9452 0.0548
0.7699 0.2301
0.9809 0.0191
0.9967 0.0033
0.9979 0.0021
1.0000 0.0000
0.9395 0.0605
0.9029 0.0971
0.9147 0.0853
0.9697 0.0303
0.9017 0.0983
0.9995 0.0005
0.9911 0.0089
0.8180 0.1820
0.8249 0.1751
0.9228 0.0772
0.8883 0.1117
0.9984 0.0016
1.0000 0.0000
0.9311 0.0689
0.8923 0.1077
0.8929 0.1071
0.9768 0.0232
0.9288 0.0712
0.8832 0.1168
0.8580 0.1420
0.8675 0.1325
0.9932 0.0068
0.8430 0.1570
0.9867 0.0133
0.8653 0.1347
