0.6105 0.3895
0.5209 0.4791
0.2895 0.7105
0.4815 0.5185
0.1058 0.8942
0.4452 0.5548
0.4348 0.5652
0.3307 0.6693
0.2212 0.7788
0.0008 0.9992
0.3355 0.6645
0.2547 0.7453
0.5445 0.4555
0.1152 0.8848
0.8607 0.1393
0.3323 0.6677
0.2256 0.7744
0.5658 0.4342
0.3403 0.6597
0.6364 0.3636
0.6945 0.3055
0.6555 0.3445
0.6057 0.3943
0.7390 0.2610
0.5682 0.4318
0.9296 0.0704
0.6343 0.3657
1.0000 0.0000
0.7288 0.2712
0.7594 0.2406
0.6563 0.3437
0.7025 0.2975
0.6573 0.3427
0.5670 0.4330
0.5198 0.4802
0.8103 0.1897
0.7840 0.2160
0.9980 0.0020
0.7941 0.2059
0.5646 0.4354
0.8566 0.1434
0.8350 0.1650
0.7503 0.2497
0.7069 0.2931
0.5743 0.4257
0.6636 0.3364
0.7813 0.2187
0.9231 0.0769
0.8691 0.1309
0.4149 0.5851
0.7941 0.2059
0.6579 0.3421
0.8411 0.1589
0.6504 0.3496
0.5949 0.4051
0.5624 0.4376
0.8427 0.1573
0.6829 0.3171
0.5552 0.4448
0.8434 0.1566
0.8720 0.1280
0.4851 0.5149
0.8614 0.1386
0.6304 0.3696
