tensor([[ -6.3500,   8.3159],
        [ -0.7031,   0.9922],
        [ -0.5938,   0.7725],
        [ -2.2356,   3.0246],
        [ -1.9114,   2.4327],
        [ -1.2256,   1.5903],
        [ -2.8725,   3.7463],
        [ -0.4977,   0.6866],
        [ -0.8306,   1.2122],
        [  0.3526,  -0.4707],
        [ -1.1699,   1.6486],
        [ -0.5324,   0.7070],
        [  0.0537,  -0.0755],
        [ -0.4074,   0.5489],
        [ -0.9265,   1.3012],
        [ -0.8408,   1.1784],
        [ -2.6559,   3.5618],
        [ -1.7275,   2.2803],
        [ -0.8555,   1.2028],
        [ -2.6144,   3.4987],
        [ -0.3214,   0.3985],
        [  0.6752,  -0.9544],
        [ -1.1083,   1.6242],
        [ -0.7675,   1.0547],
        [  0.1944,  -0.2537],
        [ -1.1474,   1.6140],
        [ -1.8879,   2.5002],
        [ -1.1903,   1.6757],
        [ -0.9598,   1.3526],
        [ -1.1889,   1.6767],
        [ -1.2037,   1.6574],
        [ -0.8620,   1.2238],
        [ -0.4074,   0.5489],
        [ -1.0121,   1.2965],
        [ -6.3944,   8.3889],
        [ -0.5973,   0.8091],
        [  0.3029,  -0.4028],
        [ -2.2629,   3.0592],
        [ -0.5324,   0.7070],
        [  0.0925,  -0.2004],
        [  0.1767,  -0.2571],
        [ -0.8776,   1.1394],
        [ -1.0382,   1.3601],
        [ -1.1344,   1.5931],
        [ -0.1467,   0.2102],
        [ -0.0733,   0.1207],
        [  2.0237,  -2.7958],
        [ -1.0829,   1.5299],
        [ -0.6556,   0.8359],
        [ -2.5870,   3.4628],
        [ -0.2666,   0.3433],
        [ -0.4927,   0.6534],
        [  1.0679,  -1.4669],
        [  0.1808,  -0.2356],
        [ -1.1112,   1.4556],
        [  0.8755,  -1.2043],
        [  3.5331,  -4.7388],
        [  2.2089,  -2.9297],
        [  3.9610,  -5.4766],
        [  4.3772,  -5.9523],
        [  0.6860,  -0.9375],
        [  2.8212,  -3.8205],
        [  0.5193,  -0.6877],
        [  2.8394,  -3.9129],
        [  0.4312,  -0.5887],
        [  3.4572,  -4.6368],
        [  1.6711,  -2.2572],
        [  1.8501,  -2.5037],
        [  0.5063,  -0.6845],
        [  0.5491,  -0.7381],
        [  2.2101,  -2.9721],
        [  2.1626,  -2.9136],
        [  0.8599,  -1.1522],
        [  2.0616,  -2.8478],
        [  0.8299,  -1.1353],
        [  0.5661,  -0.7609],
        [  0.2360,  -0.3155],
        [  1.4097,  -1.8779],
        [  1.2827,  -1.6957],
        [  0.4802,  -0.6511],
        [  0.2657,  -0.3637],
        [  0.8551,  -1.1734],
        [  3.0774,  -4.2340],
        [  1.7476,  -2.3838],
        [  0.6861,  -0.9190],
        [  0.7774,  -1.0122],
        [  2.4002,  -3.3598],
        [  3.9610,  -5.4766],
        [  0.5346,  -0.7230],
        [  1.2527,  -1.6698],
        [  0.6704,  -0.8758],
        [  1.3413,  -1.7500],
        [  0.7282,  -1.0045],
        [  0.6261,  -0.8579],
        [  1.8101,  -2.4893],
        [  3.3806,  -4.6166],
        [  0.7824,  -1.0366],
        [  0.9644,  -1.2762],
        [  0.8319,  -1.0835],
        [  0.5439,  -0.7438],
        [  2.7335,  -3.7805],
        [  3.9626,  -5.4733],
        [ 11.8254, -14.9702],
        [  9.0068, -11.4236],
        [  0.9955,  -1.3463],
        [  0.6701,  -0.8802],
        [  1.3351,  -1.7968],
        [  1.9443,  -2.6424],
        [  1.1667,  -1.5982],
        [  0.7320,  -0.9996],
        [  1.3763,  -1.8872],
        [  3.6546,  -4.9087],
        [  0.6458,  -0.8784],
        [  1.2009,  -1.6713],
        [  0.5887,  -0.7353],
        [  1.1078,  -1.5144],
        [  3.8526,  -5.3186],
        [  0.7965,  -1.0311],
        [  0.5877,  -0.7869],
        [  0.9644,  -1.2762],
        [  1.1569,  -1.5605],
        [  0.5222,  -0.7342],
        [  0.6388,  -0.8569],
        [  4.1407,  -5.5084],
        [  1.2408,  -1.6990],
        [  0.3070,  -0.3968],
        [  0.5147,  -0.6961],
        [  0.7498,  -0.9981],
        [  4.9707,  -6.6945],
        [  0.1470,  -0.1993],
        [  1.3090,  -1.7549],
        [  2.0401,  -2.7374],
        [  1.8301,  -2.4796],
        [  0.7888,  -1.0359],
        [  0.5128,  -0.6924],
        [  1.7804,  -2.3371],
        [  2.5608,  -3.5612],
        [  0.5015,  -0.6697],
        [  3.4117,  -4.6298],
        [  0.9923,  -1.3527],
        [  1.3441,  -1.7963],
        [  0.6153,  -0.8211],
        [  0.3623,  -0.4794],
        [  0.6859,  -0.9196],
        [  0.3923,  -0.5178],
        [  2.4802,  -3.4374],
        [  4.0704,  -5.4189],
        [  2.6619,  -3.6863],
        [  3.7978,  -5.2643],
        [  1.6155,  -2.2056],
        [  1.4683,  -1.9956],
        [  0.6005,  -0.8367],
        [  4.4054,  -5.9507],
        [  4.0719,  -5.5725],
        [  3.6443,  -5.0423],
        [  2.3042,  -3.1601],
        [  2.5071,  -3.3870],
        [  4.1438,  -5.6392],
        [  1.9347,  -2.6440],
        [  4.4754,  -5.9454],
        [  1.6160,  -2.1909],
        [  1.2847,  -1.7097],
        [  2.7791,  -3.7445],
        [  1.8618,  -2.5381],
        [  0.8185,  -1.0859],
        [  3.4420,  -4.6065],
        [  1.3286,  -1.7795],
        [  0.9011,  -1.2082],
        [  1.6973,  -2.3601],
        [  3.9437,  -5.4416],
        [  1.1036,  -1.5001],
        [  0.8317,  -1.0909]])
