0.4986 0.5014
0.7787 0.2213
0.2970 0.7030
0.3351 0.6649
0.1286 0.8714
0.6304 0.3696
0.4008 0.5992
0.5461 0.4539
0.1130 0.8870
0.0001 0.9999
0.3317 0.6683
0.0878 0.9122
0.6899 0.3101
0.6211 0.3789
1.0000 0.0000
0.2871 0.7129
0.0537 0.9463
0.2732 0.7268
0.7807 0.2193
0.7605 0.2395
0.9570 0.0430
0.8822 0.1178
0.9990 0.0010
0.9337 0.0663
0.5706 0.4294
0.9960 0.0040
0.5792 0.4208
0.9985 0.0015
0.9237 0.0763
0.9888 0.0112
0.9957 0.0043
0.6962 0.3038
0.7520 0.2480
0.6160 0.3840
0.6329 0.3671
0.9375 0.0625
0.9630 0.0370
0.9992 0.0008
0.9976 0.0024
0.5179 0.4821
0.9988 0.0012
0.8333 0.1667
0.7670 0.2330
0.8058 0.1942
0.5113 0.4887
0.6225 0.3775
0.9488 0.0512
0.9953 0.0047
0.9936 0.0064
0.5690 0.4310
0.9976 0.0024
0.7113 0.2887
0.9147 0.0853
0.7773 0.2227
0.5233 0.4767
0.9985 0.0015
0.7989 0.2011
0.9619 0.0381
0.9780 0.0220
0.7844 0.2156
0.9450 0.0550
0.3867 0.6133
0.9945 0.0055
0.6062 0.3938

