loading data ...
En loaded!
Ru train loaded!
Ru test loaded!
(1689, 1)
(1689, 30000)
(380, 20000)
0.0
0.959302325581
0.936046511628
0.93023255814
0.947674418605
0.906976744186
0.947674418605
0.947674418605
0.959302325581
0.947674418605
0.976744186047
0.918604651163
0.941860465116
0.947674418605
0.959302325581
0.959302325581
0.96511627907
0.941860465116
0.941860465116
0.936046511628
0.970930232558
0.96511627907
0.959302325581
0.953488372093
0.936046511628
0.941860465116
0.936046511628
0.93023255814
0.941860465116

